6558 35
6647 36
6599 37
6718 38
6798 39
7150 40
6850 41
6913 42
7053 43
7031 44
7275 45
7331 46
7364 47
7407 48
7499 49
7521 50
7497 51
7571 52
7624 53
7400 54
7532 55
7792 56
7952 57
8003 58
8304 59
8169 60
8479 61
8359 62
8591 63
8675 64
8919 65
8630 66
8976 67
9498 68
9477 69
9682 70
9977 71
9932 72
10341 73
10428 74
10594 75
11148 76
11349 77
11210 78
12255 79
12645 80
12443 81
13216 82
13790 83
14194 84
14919 85
15021 86
15692 87
16487 88
17407 89
18197 90
19292 91
20497 92
21230 93
21986 94
24014 95
24241 96
25878 97
27013 98
27446 99
28678 100
31040 101
32323 102
33332 103
36234 104
37325 105
38914 106
41461 107
42458 108
45266 109
47267 110
49069 111
51949 112
54275 113
54631 114
57714 115
60418 116
62988 117
68825 118
70795 119
74225 120
77072 121
81433 122
84505 123
87453 124
92481 125
96516 126
99239 127
103030 128
104131 129
108158 130
111466 131
113572 132
117091 133
123746 134
128688 135
130061 136
134671 137
133452 138
141191 139
140865 140
145529 141
145802 142
150458 143
159071 144
197440 145
345002 146
1042665 147
110340 148
935134 149
35369631 150
