7612 35
7699 36
7902 37
8063 38
8147 39
8286 40
8188 41
8263 42
8412 43
8209 44
8536 45
8447 46
8486 47
8645 48
8767 49
8870 50
8848 51
9049 52
8945 53
8865 54
9139 55
9022 56
8956 57
9276 58
9438 59
9050 60
9252 61
9229 62
9545 63
9696 64
9484 65
9570 66
9850 67
10027 68
9971 69
9809 70
10195 71
9969 72
10233 73
10191 74
9828 75
10237 76
10510 77
10535 78
10721 79
10849 80
10711 81
11015 82
11086 83
11505 84
11753 85
11948 86
11598 87
12201 88
12259 89
13071 90
13488 91
13427 92
13961 93
14146 94
15812 95
15167 96
16105 97
17419 98
16962 99
18346 100
19647 101
19652 102
21229 103
22347 104
23138 105
24825 106
25918 107
26673 108
28552 109
29967 110
31294 111
33215 112
35714 113
36134 114
38589 115
40350 116
41890 117
44683 118
45982 119
47633 120
50252 121
53148 122
55836 123
57725 124
61315 125
64813 126
66730 127
69957 128
70711 129
74603 130
76486 131
77880 132
82496 133
87599 134
92336 135
96332 136
98652 137
98562 138
103437 139
104772 140
105831 141
108247 142
114738 143
124968 144
166675 145
329077 146
1008588 147
186407 148
1567247 149
35705560 150
