7653 35
7707 36
7496 37
7715 38
7867 39
7978 40
8177 41
8111 42
8308 43
8399 44
8593 45
8920 46
11217 47
12453 48
13395 49
12881 50
16126 51
16893 52
18779 53
17368 54
14694 55
15643 56
16489 57
16294 58
14597 59
12206 60
11796 61
11740 62
10758 63
10435 64
9957 65
9305 66
9150 67
9207 68
9419 69
8988 70
9330 71
9053 72
9210 73
9016 74
9210 75
9506 76
9134 77
9452 78
9466 79
9544 80
9922 81
10095 82
10269 83
10114 84
10087 85
10621 86
10295 87
10767 88
11594 89
12834 90
12752 91
12881 92
13802 93
14364 94
15790 95
15769 96
15718 97
16980 98
17589 99
19169 100
19918 101
19880 102
22110 103
22634 104
23534 105
24887 106
25220 107
26141 108
27818 109
29557 110
30487 111
32079 112
34566 113
35611 114
37411 115
39564 116
40944 117
43407 118
45415 119
46622 120
49790 121
52862 122
55825 123
58216 124
60597 125
64821 126
68020 127
70281 128
72679 129
76151 130
77571 131
80197 132
84823 133
88493 134
93575 135
96498 136
97327 137
97962 138
101760 139
102340 140
104135 141
105117 142
110559 143
117407 144
153301 145
287515 146
762581 147
143782 148
1097414 149
36472762 150