7858 35
7886 36
8210 37
7970 38
7643 39
7627 40
7937 41
7764 42
7830 43
7939 44
8142 45
8654 46
12813 47
13286 48
13170 49
11782 50
14468 51
15715 52
16444 53
14339 54
12150 55
12442 56
12184 57
12662 58
11253 59
10097 60
9927 61
10065 62
9635 63
9472 64
9480 65
9552 66
9531 67
9584 68
9760 69
10022 70
9930 71
10038 72
10324 73
10713 74
10951 75
11081 76
11256 77
11434 78
12534 79
12605 80
13257 81
13046 82
14117 83
13949 84
14869 85
15248 86
16275 87
16907 88
18910 89
20026 90
20459 91
21464 92
22773 93
24071 94
25662 95
26055 96
27024 97
28453 98
30348 99
31616 100
33387 101
34633 102
36201 103
39117 104
40629 105
42551 106
43849 107
45493 108
48535 109
51024 110
52167 111
55202 112
57571 113
58799 114
61635 115
65582 116
68930 117
71814 118
73573 119
76071 120
79792 121
82991 122
86679 123
88855 124
92381 125
96349 126
99831 127
103644 128
105816 129
109882 130
111835 131
114197 132
117902 133
123143 134
128021 135
128304 136
131824 137
130922 138
137203 139
137067 140
141141 141
141022 142
144364 143
152859 144
188091 145
311015 146
778465 147
112308 148
881961 149
35566451 150